VJGene	WAS9CD8TCM	WAS6CD8TCM	WAS4CD8TCM	WAS8CD8TCM	WAS4CD4TEM	WAS6CD4TEM	WAS8CD4TEM	WAS9CD4TEM
TRBV3|TRBJ2-7	0.0249	0.0167	0.0065	0.0168	0.016	0.0262	0.012	0.0151
TRBV13-2|TRBJ2-7	0.0249	0.0175	0.0211	0.0282	0.0179	0.0125	0.0195	0.0157
TRBV13-1|TRBJ2-7	0.0249	0.0142	0.0081	0.0181	0.024	0.0112	0.0216	0.0165
TRBV5|TRBJ2-7	0.0225	0.0092	0.0179	0.0147	0.0129	0.0075	0.0108	0.0087
TRBV13-2|TRBJ2-5	0.0201	0.0183	0.0195	0.0174	0.0074	0.0175	0.0129	0.0107
TRBV13-3|TRBJ2-7	0.0185	0.0083	0.013	0.0101	0.0142	0.015	0.0132	0.0116
TRBV15|TRBJ2-7	0.0161	0.02	0.0146	0.0188	0.0148	0.005	0.0153	0.0174
TRBV13-2|TRBJ1-1	0.0145	0.0192	0.0049	0.0141	0.0031	0.0087	0.0069	0.0044
TRBV1|TRBJ2-7	0.0137	0.0158	0.0146	0.0201	0.0068	0.0075	0.0069	0.0102
TRBV13-1|TRBJ2-4	0.0129	0.0133	0.0146	0.0127	0.008	0.0062	0.0087	0.011
TRBV13-1|TRBJ2-1	0.0129	0.0067	0.0049	0.008	0.0129	0.0125	0.0183	0.0122
TRBV31|TRBJ2-1	0.012	0.0058	0.0032	0.0047	0.0037	0.0062	0.0018	0.0035
TRBV13-2|TRBJ2-3	0.012	0.0042	0.0114	0.0107	0.0043	0.0075	0.0111	0.0075
TRBV31|TRBJ2-7	0.0112	0.0142	0.0195	0.006	0.0043	0.005	0.0027	0.0046
TRBV3|TRBJ1-1	0.0112	0.0058	0.0049	0.008	0.0025	0.0062	0.0021	0.0046
TRBV13-2|TRBJ2-1	0.0112	0.0117	0.0146	0.0154	0.0142	0.0187	0.0165	0.0125
TRBV1|TRBJ2-2	0.0104	0.005	0.0097	0.004	0.0031	0.005	0.0027	0.0023
TRBV1|TRBJ2-4	0.0104	0.0117	0.0016	0.0127	0.0049	0.005	0.0018	0.0046
TRBV13-3|TRBJ2-1	0.0104	0.005	0.0065	0.0034	0.0086	0.02	0.0132	0.0104
TRBV13-3|TRBJ2-5	0.0104	0.0067	0.0049	0.0101	0.0049	0.005	0.0096	0.0093
TRBV4|TRBJ2-1	0.0104	0.0025	0	0.0047	0.0049	0.0037	0.0057	0.0078
TRBV3|TRBJ2-5	0.0104	0.0167	0.0162	0.0134	0.0031	0.0062	0.0051	0.0055
TRBV5|TRBJ2-5	0.0104	0.0175	0.0049	0.0127	0.008	0.0037	0.0036	0.0052
TRBV1|TRBJ2-5	0.0096	0.0083	0.0162	0.006	0.0105	0.005	0.0051	0.007
TRBV19|TRBJ2-5	0.0096	0.0108	0.0081	0.0107	0.0043	0.005	0.0039	0.0032
TRBV13-1|TRBJ2-5	0.0096	0.0092	0.0162	0.0094	0.0099	0.01	0.0063	0.009
TRBV29|TRBJ2-1	0.0096	0.0008	0	0.0013	0.0055	0.005	0.0102	0.0075
TRBV4|TRBJ2-5	0.0096	0.0075	0.0032	0.006	0.0074	0.0112	0.0072	0.0064
TRBV13-1|TRBJ2-3	0.0096	0.0042	0.0016	0.008	0.0099	0.0062	0.0075	0.0084
TRBV1|TRBJ2-1	0.0088	0.0225	0.0244	0.0054	0.0123	0.0012	0.0063	0.0067
TRBV13-3|TRBJ1-1	0.0088	0.0033	0.0065	0.0054	0.0062	0.0037	0.006	0.0078
TRBV13-2|TRBJ2-4	0.0088	0.0108	0.0244	0.0161	0.0043	0.0087	0.0075	0.0046
TRBV15|TRBJ1-1	0.008	0.01	0.0065	0.0074	0.0049	0.0062	0.0036	0.0052
TRBV13-3|TRBJ2-4	0.008	0.0075	0.0195	0.008	0.0025	0.0037	0.0042	0.0041
TRBV19|TRBJ2-1	0.008	0.0083	0.0081	0.0074	0.0074	0.005	0.0078	0.007
TRBV1|TRBJ1-1	0.008	0.01	0.0065	0.0047	0.0043	0.0087	0.0012	0.0055
TRBV13-2|TRBJ1-5	0.008	0.0017	0	0.004	0	0.0012	0.0015	0.0012
TRBV13-2|TRBJ1-3	0.008	0.005	0.0049	0.0087	0.0025	0.0025	0.0012	0.002
TRBV13-2|TRBJ1-2	0.008	0.0083	0.0032	0.0087	0.0018	0.0037	0.0033	0.0026
TRBV16|TRBJ2-4	0.0072	0.0117	0	0.0027	0.0062	0.0012	0.0063	0.0081
TRBV16|TRBJ2-1	0.0072	0.0042	0.0016	0.0027	0.0099	0.01	0.0117	0.0099
TRBV5|TRBJ2-3	0.0072	0.0067	0.0049	0.006	0.008	0.0012	0.0033	0.0038
TRBV13-3|TRBJ1-3	0.0072	0.0025	0.0081	0.0034	0.0025	0.0037	0.0018	0.0032
TRBV19|TRBJ2-4	0.0072	0.0042	0.0081	0.004	0.0037	0.0012	0.0042	0.0049
TRBV19|TRBJ2-7	0.0072	0.0125	0.0146	0.0094	0.0111	0.0087	0.009	0.0078
TRBV3|TRBJ2-2	0.0072	0.0042	0.0016	0.006	0.0018	0	0.003	0.0035
TRBV5|TRBJ2-1	0.0072	0.01	0.0016	0.0067	0.0086	0.0012	0.0078	0.0073
TRBV31|TRBJ1-3	0.0064	0	0.0016	0.0027	0.0012	0	0.0006	0.0017
TRBV16|TRBJ2-7	0.0064	0.01	0.0049	0.0054	0.0111	0.0162	0.0267	0.0186
TRBV16|TRBJ2-5	0.0064	0.0125	0.0016	0.006	0.0062	0.0087	0.0129	0.0081
TRBV5|TRBJ2-2	0.0064	0.0008	0.0016	0.0047	0.0018	0	0.0006	0.0015
TRBV1|TRBJ1-3	0.0064	0.0017	0.0016	0.008	0.0025	0	0.0015	0.0035
TRBV19|TRBJ1-4	0.0064	0.0017	0.0032	0.0067	0.0037	0.0037	0.0036	0.0017
TRBV20|TRBJ2-7	0.0064	0.0042	0.0081	0.002	0.0068	0	0.0039	0.0029
TRBV5|TRBJ2-4	0.0064	0.005	0.0114	0.0127	0	0.0012	0.0033	0.0009
TRBV12-1|TRBJ2-4	0.0056	0.0017	0.0016	0.002	0.0068	0.01	0.0084	0.0064
TRBV12-1|TRBJ2-3	0.0056	0.0008	0.0016	0.0007	0.0062	0.0037	0.0084	0.0096
TRBV12-1|TRBJ2-1	0.0056	0	0.0065	0.0013	0.0228	0.0212	0.0255	0.0223
TRBV29|TRBJ2-7	0.0056	0.0042	0.0049	0.0054	0.0043	0.01	0.0117	0.0061
TRBV31|TRBJ2-5	0.0056	0.0067	0.0081	0.008	0.0031	0.0025	0.0024	0.0015
TRBV15|TRBJ2-1	0.0056	0.0108	0.0146	0.0094	0.0074	0.005	0.0099	0.0067
TRBV12-2|TRBJ2-7	0.0056	0.0042	0.0065	0.0134	0.0253	0.0325	0.0315	0.0308
TRBV2|TRBJ2-7	0.0056	0.005	0.0065	0.0074	0.0062	0.005	0.0021	0.0038
TRBV12-1|TRBJ2-5	0.0056	0.0042	0.0049	0.0013	0.0055	0	0.009	0.0099
TRBV13-3|TRBJ2-3	0.0056	0.0067	0.0049	0.0094	0.0049	0.0025	0.0072	0.0058
TRBV13-3|TRBJ2-2	0.0056	0.0017	0.0097	0.0013	0.0018	0.0037	0.0027	0.0015
TRBV13-3|TRBJ1-2	0.0056	0.0025	0.0032	0.0027	0.0049	0.0062	0.0027	0.0055
TRBV13-3|TRBJ1-5	0.0056	0	0.0081	0.0013	0	0.0012	0.0003	0.0006
TRBV19|TRBJ1-3	0.0056	0.0033	0.0065	0.0034	0.0018	0.0025	0.0012	0.0012
TRBV19|TRBJ1-1	0.0056	0.0117	0.0097	0.0027	0.0037	0.01	0.0024	0.0061
TRBV4|TRBJ2-4	0.0056	0.0075	0.0032	0.0067	0.0055	0.0087	0.0024	0.0038
TRBV5|TRBJ1-4	0.0056	0.0075	0.0146	0.008	0.0037	0	0.0015	0.0038
TRBV5|TRBJ1-1	0.0056	0.0075	0.0097	0.0054	0.0068	0.0012	0.0027	0.0073
TRBV3|TRBJ2-4	0.0056	0.005	0.0065	0.0054	0.0049	0.01	0.0045	0.0038
TRBV16|TRBJ1-1	0.0048	0.0083	0.0016	0.008	0.008	0.0025	0.0063	0.007
TRBV12-2|TRBJ2-3	0.0048	0.0042	0.0049	0.0074	0.0099	0.0187	0.0102	0.0087
TRBV13-3|TRBJ1-4	0.0048	0.0083	0	0.004	0.0012	0.0025	0.0027	0.0038
TRBV19|TRBJ2-3	0.0048	0.0025	0.0081	0.0054	0.0037	0.0025	0.0024	0.0041
TRBV20|TRBJ2-5	0.0048	0.0033	0.0032	0.0047	0.0018	0	0.0009	0.0017
TRBV4|TRBJ1-6	0.0048	0.0017	0.0032	0.0007	0.0037	0	0.0003	0.0017
TRBV17|TRBJ2-7	0.0048	0.0075	0	0.0047	0.0136	0.0162	0.0087	0.0145
TRBV13-1|TRBJ1-1	0.0048	0.01	0.0032	0.0067	0.0068	0.01	0.0093	0.0102
TRBV12-2|TRBJ1-4	0.004	0.0008	0	0.004	0.008	0.01	0.003	0.0055
TRBV16|TRBJ1-3	0.004	0.005	0.0032	0.0034	0.0018	0.0037	0.0024	0.0017
TRBV31|TRBJ1-2	0.004	0.0083	0.0049	0.0007	0	0.0012	0.0006	0
TRBV31|TRBJ2-4	0.004	0.0017	0.0032	0.004	0.0025	0.005	0.0021	0.0026
TRBV15|TRBJ2-4	0.004	0.005	0.0227	0.0067	0.0025	0.0075	0.0039	0.0032
TRBV15|TRBJ2-3	0.004	0.0058	0.0032	0.0067	0.0043	0.0037	0.0069	0.0055
TRBV15|TRBJ2-2	0.004	0.01	0.013	0.004	0.0012	0	0.0015	0.0017
TRBV26|TRBJ2-5	0.004	0.0008	0.0032	0.0013	0.0006	0.0037	0.0006	0.0012
TRBV12-2|TRBJ2-5	0.004	0.0058	0.0114	0.0013	0.0154	0.0162	0.0177	0.0133
TRBV16|TRBJ1-4	0.004	0.0017	0.0016	0.0027	0.0043	0.0075	0.0051	0.0041
TRBV2|TRBJ1-1	0.004	0.0033	0	0.004	0.0018	0	0.0006	0.0012
TRBV15|TRBJ1-2	0.004	0.0017	0.0049	0.0007	0.0018	0.0025	0.0006	0.0012
TRBV20|TRBJ1-1	0.004	0.0017	0.0032	0.0027	0.0025	0.0012	0.0015	0.002
TRBV3|TRBJ1-2	0.004	0.005	0.0081	0.0067	0.0012	0.0012	0.0015	0.0017
TRBV1|TRBJ1-2	0.004	0.0008	0.0016	0.0027	0.0006	0.0012	0.0006	0.0015
TRBV3|TRBJ2-1	0.004	0.01	0.0049	0.0047	0.0111	0.005	0.0069	0.0093
TRBV4|TRBJ1-3	0.004	0.0033	0.0016	0	0.0012	0	0.0012	0.0012
TRBV4|TRBJ1-1	0.004	0.0025	0.0032	0.0054	0.0025	0.0075	0.0018	0.0017
TRBV13-1|TRBJ1-4	0.004	0.0042	0.0081	0.004	0.0025	0.0025	0.0024	0.0038
TRBV13-1|TRBJ1-2	0.004	0.0042	0	0.004	0.0012	0.0062	0.0048	0.0046
TRBV29|TRBJ1-4	0.0032	0.0025	0	0.0047	0.0031	0.0025	0.003	0.0035
TRBV31|TRBJ1-4	0.0032	0.0067	0.0032	0.002	0	0.0025	0.0009	0.0003
TRBV31|TRBJ2-3	0.0032	0.0092	0.0065	0.0054	0	0.0037	0.0009	0.0017
TRBV16|TRBJ2-2	0.0032	0.0033	0.0032	0.0034	0.0031	0.005	0.0054	0.0026
TRBV2|TRBJ2-3	0.0032	0	0.0016	0.004	0.0031	0.0025	0.0012	0.0012
TRBV2|TRBJ2-1	0.0032	0.0033	0.0016	0.002	0.0006	0.0012	0.0018	0.0029
TRBV20|TRBJ1-2	0.0032	0.0025	0	0.0007	0.0018	0.0012	0.0003	0.0006
TRBV29|TRBJ2-3	0.0032	0.0008	0.0016	0.0034	0.0031	0.0025	0.0054	0.0032
TRBV5|TRBJ1-5	0.0032	0.0008	0	0.0013	0.0006	0.0012	0.0009	0.0017
TRBV20|TRBJ2-4	0.0032	0.0033	0.0016	0.0034	0	0.0012	0.0012	0.0009
TRBV26|TRBJ2-4	0.0032	0	0	0.0013	0	0.0012	0.0009	0.0009
TRBV13-2|TRBJ1-4	0.0032	0.0042	0.0146	0.0047	0.0031	0.005	0.0042	0.0035
TRBV13-2|TRBJ2-2	0.0032	0.0033	0.0016	0.0074	0.0006	0.0012	0.0018	0.0023
TRBV17|TRBJ2-5	0.0032	0.0033	0.0032	0.002	0.0092	0.0075	0.0081	0.0084
TRBV13-1|TRBJ2-2	0.0032	0.0058	0.0049	0.002	0.0031	0.005	0.0048	0.0032
TRBV26|TRBJ1-2	0.0032	0.0017	0.0049	0.0034	0	0	0.0006	0.0003
TRBV13-1|TRBJ1-5	0.0032	0.0033	0	0.002	0.0037	0.0012	0.0015	0.0012
TRBV13-1|TRBJ1-6	0.0032	0	0	0.0013	0.0062	0	0.0027	0.0032
TRBV13-1|TRBJ1-3	0.0032	0.005	0.013	0.0027	0.0012	0.0037	0.003	0.0035
TRBV12-2|TRBJ1-1	0.0024	0.0017	0	0.0013	0.0099	0.005	0.0072	0.0093
TRBV12-1|TRBJ2-7	0.0024	0.0025	0.013	0.008	0.024	0.015	0.0327	0.0258
TRBV1|TRBJ1-5	0.0024	0.0025	0	0.0027	0.0037	0.0012	0.0006	0.0009
TRBV1|TRBJ2-3	0.0024	0.0167	0.0016	0.0067	0.0092	0.0037	0.0066	0.0087
TRBV26|TRBJ2-1	0.0024	0	0.0016	0.0034	0.0006	0	0.0021	0.0006
TRBV26|TRBJ2-7	0.0024	0.0017	0.0016	0.0047	0.0037	0.0075	0.0027	0.0035
TRBV31|TRBJ1-1	0.0024	0.0083	0.0032	0.0034	0.0006	0.0012	0.0033	0.0017
TRBV31|TRBJ2-2	0.0024	0.0025	0.0049	0.0007	0.0031	0	0.0003	0.0015
TRBV16|TRBJ2-3	0.0024	0.0067	0.0032	0.002	0.0136	0.01	0.0093	0.0067
TRBV15|TRBJ2-5	0.0024	0.0092	0.0065	0.0054	0.0037	0.0037	0.0033	0.0044
TRBV20|TRBJ2-2	0.0024	0.0017	0.0049	0.004	0.0006	0	0.0003	0.0012
TRBV5|TRBJ1-2	0.0024	0.0008	0	0.0013	0.0012	0	0.0012	0.0006
TRBV12-2|TRBJ2-1	0.0024	0.0033	0.0016	0.0013	0.0197	0.0087	0.0174	0.0183
TRBV2|TRBJ2-4	0.0024	0.0083	0.0016	0.0047	0.0018	0	0.0021	0.0012
TRBV15|TRBJ1-5	0.0024	0.0008	0	0	0.0031	0.0025	0.0018	0.0009
TRBV15|TRBJ1-3	0.0024	0.0025	0.0032	0.0027	0.0012	0.0025	0.0006	0.0015
TRBV20|TRBJ1-3	0.0024	0.0033	0	0.0007	0	0	0	0.0015
TRBV19|TRBJ2-2	0.0024	0.0017	0.0049	0.0027	0.0012	0.005	0.0015	0.002
TRBV19|TRBJ1-6	0.0024	0.0008	0.0016	0.0047	0.0012	0.0012	0.0012	0.0015
TRBV4|TRBJ2-3	0.0024	0.0017	0.0016	0.004	0.0062	0.0112	0.0054	0.0052
TRBV4|TRBJ2-7	0.0024	0.0083	0.0049	0.004	0.0092	0.0062	0.0102	0.0081
TRBV3|TRBJ2-3	0.0024	0.005	0.0081	0.006	0.0043	0.0062	0.0042	0.0061
TRBV17|TRBJ2-2	0.0024	0.0008	0	0.0027	0.008	0.005	0.0024	0.0061
TRBV14|TRBJ1-1	0.0024	0.0042	0.0016	0.004	0.0018	0.0012	0.003	0.0035
TRBV26|TRBJ1-4	0.0024	0.0017	0.0049	0.0013	0	0.0012	0.0012	0
TRBV23|TRBJ1-1	0.0024	0	0.0016	0.0034	0	0	0.0003	0.0003
TRBV23|TRBJ2-7	0.0016	0.0008	0.0016	0.0013	0.0006	0	0.0003	0.0009
TRBV23|TRBJ2-5	0.0016	0	0	0.0027	0	0	0.0009	0.0009
TRBV12-1|TRBJ1-4	0.0016	0.0033	0	0.0027	0.0049	0	0.0036	0.007
TRBV16|TRBJ1-5	0.0016	0	0.0016	0.0027	0	0	0.0009	0.0009
TRBV29|TRBJ2-4	0.0016	0.0025	0	0.0034	0.0018	0.005	0.0075	0.0032
TRBV29|TRBJ2-5	0.0016	0.0033	0.0032	0.0034	0.0043	0.005	0.0078	0.0058
TRBV29|TRBJ1-3	0.0016	0.0017	0	0.0007	0	0.005	0.003	0.0017
TRBV31|TRBJ1-6	0.0016	0.0017	0.0016	0.0013	0.0006	0	0.0003	0.0012
TRBV12-2|TRBJ2-4	0.0016	0.0008	0	0.0027	0.0173	0.015	0.018	0.0142
TRBV12-2|TRBJ2-2	0.0016	0.0008	0.0016	0.0013	0.0055	0.0025	0.0036	0.0078
TRBV2|TRBJ2-5	0.0016	0.0025	0.0081	0.004	0.0025	0.0025	0.0021	0.0009
TRBV17|TRBJ2-1	0.0016	0.0025	0.0032	0.0047	0.0049	0.0112	0.0084	0.0107
TRBV2|TRBJ1-3	0.0016	0.0008	0	0.0034	0.0012	0	0	0.0009
TRBV20|TRBJ1-4	0.0016	0.0017	0.0049	0.0007	0	0	0	0.0003
TRBV20|TRBJ2-1	0.0016	0.0025	0.0016	0.006	0.0012	0.0012	0.0015	0.0044
TRBV3|TRBJ1-4	0.0016	0.0008	0.0016	0.0034	0.0037	0	0.0027	0.0026
TRBV3|TRBJ1-5	0.0016	0.0008	0.0016	0.0013	0.0012	0.0012	0.0003	0.0009
TRBV3|TRBJ1-3	0.0016	0	0.0016	0.006	0.0043	0.005	0.0033	0.0032
TRBV13-2|TRBJ1-6	0.0016	0.01	0.0032	0.004	0.0025	0.0025	0.0021	0.0015
TRBV14|TRBJ2-3	0.0016	0	0.0016	0	0.0018	0.005	0.003	0.0032
TRBV14|TRBJ2-5	0.0016	0.0042	0	0.0007	0.0117	0.0075	0.0048	0.0049
TRBV14|TRBJ2-7	0.0016	0	0.0065	0.0007	0.0086	0.0062	0.0063	0.0078
TRBV26|TRBJ1-1	0.0016	0.0008	0.0032	0.0013	0.0006	0.0012	0.0009	0.0003
TRBV26|TRBJ1-6	0.0016	0	0	0.0007	0	0.0012	0.0009	0
TRBV23|TRBJ1-2	0.0016	0	0	0	0	0	0.0003	0
TRBV23|TRBJ2-1	0.0008	0	0.0016	0	0	0	0.0006	0.0003
TRBV12-2|TRBJ1-2	0.0008	0	0	0	0.0049	0.0087	0.0048	0.0049
TRBV12-1|TRBJ1-6	0.0008	0.0008	0.0016	0	0.0018	0	0.0006	0.0032
TRBV12-1|TRBJ1-2	0.0008	0.0008	0	0.004	0.0049	0.0037	0.0057	0.0078
TRBV16|TRBJ1-6	0.0008	0.0008	0.0016	0.002	0.0006	0.0012	0.0003	0.0003
TRBV1|TRBJ1-7	0.0008	0	0	0	0	0	0	0
TRBV1|TRBJ1-4	0.0008	0.01	0.0049	0.008	0.0037	0.0012	0.003	0.002
TRBV29|TRBJ1-6	0.0008	0	0.0032	0.0013	0.0012	0.0012	0.0006	0.0009
TRBV29|TRBJ1-5	0.0008	0.0042	0	0.002	0	0.0037	0.0003	0.0012
TRBV29|TRBJ1-1	0.0008	0.0008	0.0032	0.0013	0.0049	0.01	0.0045	0.0038
TRBV20|TRBJ2-3	0.0008	0.0033	0	0.0027	0.0006	0	0.0015	0.0006
TRBV5|TRBJ1-3	0.0008	0.0033	0.0016	0.0027	0.0037	0.0012	0.0003	0.0009
TRBV2|TRBJ2-2	0.0008	0.0025	0.0016	0.0007	0.0012	0.0012	0.0009	0
TRBV14|TRBJ2-1	0.0008	0.0017	0.0032	0	0.0062	0.0112	0.0051	0.0044
TRBV16|TRBJ1-2	0.0008	0.0075	0.0032	0.0007	0.0037	0.0012	0.0036	0.0017
TRBV15|TRBJ1-4	0.0008	0.0008	0.0081	0.0027	0.0025	0.01	0.0015	0.002
TRBV3|TRBJ1-6	0.0008	0.0017	0	0	0.0006	0	0	0.0003
TRBV30|TRBJ2-3	0.0008	0	0	0	0	0	0	0
TRBV4|TRBJ2-2	0.0008	0.0025	0.0065	0.0013	0.0012	0.0012	0.0015	0.0009
TRBV5|TRBJ1-6	0.0008	0.0008	0.0016	0.004	0.0012	0.0012	0.0021	0.0006
TRBV26|TRBJ2-3	0.0008	0	0	0.0007	0.0006	0	0	0.0006
TRBV4|TRBJ1-5	0.0008	0.0025	0	0.0007	0.0018	0	0.0009	0.0015
TRBV17|TRBJ1-4	0.0008	0.0025	0	0.0034	0.0012	0.0012	0	0.0009
TRBV30|TRBJ1-4	0.0008	0	0	0	0.0006	0	0	0
TRBV17|TRBJ2-3	0.0008	0.0008	0	0.0034	0.0037	0.0125	0.0066	0.0046
TRBV14|TRBJ2-2	0.0008	0.0008	0	0.0007	0.0006	0	0.0012	0.0012
TRBV14|TRBJ1-4	0.0008	0.0008	0.0016	0.0013	0.0037	0.0025	0.0015	0.0029
TRBV26|TRBJ1-3	0.0008	0.0025	0	0.002	0.0006	0	0.0015	0.0012
TRBV30|TRBJ2-5	0.0008	0	0	0.0007	0.0006	0	0	0.0003
TRBV23|TRBJ1-3	0.0008	0	0	0	0	0	0	0
TRBV23|TRBJ2-2	0	0	0	0	0	0	0.0003	0
TRBV23|TRBJ2-3	0	0	0	0.004	0	0.0012	0	0.0009
TRBV23|TRBJ2-4	0	0.0025	0.0032	0	0	0	0	0
TRBV12-2|TRBJ1-6	0	0.0008	0.0016	0	0.0025	0.0012	0.0009	0.002
TRBV12-2|TRBJ1-5	0	0	0	0.002	0.0043	0.0025	0.0006	0.002
TRBV12-2|TRBJ1-3	0	0	0	0.002	0.0018	0.005	0.0054	0.0061
TRBV7-2|TRBJ1-3	0	0	0.0016	0	0	0	0	0
TRBV12-1|TRBJ1-5	0	0	0	0	0.0006	0.0025	0.0003	0
TRBV12-1|TRBJ1-1	0	0	0	0	0.0055	0.01	0.0081	0.0049
TRBV12-1|TRBJ1-3	0	0.0008	0.0016	0.0013	0.0031	0.005	0.0015	0.0046
TRBV21|TRBJ2-1	0	0	0	0	0.0006	0	0	0
TRBV9|TRBJ2-1	0	0	0	0	0	0	0.0003	0
TRBV21|TRBJ1-1	0	0	0	0	0	0	0	0.0003
TRBV4|TRBJ1-2	0	0.0017	0	0.002	0.0025	0.0012	0.0006	0.0012
TRBV1|TRBJ1-6	0	0.0042	0.0049	0.0047	0.0031	0	0.0006	0.0009
TRBV29|TRBJ1-2	0	0.0017	0.0016	0.0027	0.0031	0	0.0045	0.0038
TRBV24|TRBJ1-4	0	0	0.0016	0	0	0	0	0
TRBV24|TRBJ1-5	0	0	0	0.0007	0	0	0	0
TRBV18|TRBJ2-5	0	0	0	0	0	0	0.0003	0
TRBV31|TRBJ1-5	0	0.0017	0.0032	0.0013	0	0.0012	0.0009	0
TRBV27|TRBJ1-5	0	0	0	0	0	0.0012	0	0
TRBV17|TRBJ1-2	0	0.0008	0	0	0.0025	0	0	0.0009
TRBV17|TRBJ1-3	0	0	0.0016	0.0007	0.0006	0	0.0003	0.0006
TRBV17|TRBJ1-6	0	0.0008	0	0	0.0006	0	0	0.0006
TRBV17|TRBJ1-5	0	0	0	0	0.0018	0	0.0003	0.0003
TRBV14|TRBJ2-4	0	0.005	0.0049	0.0013	0	0	0.0027	0.0023
TRBV17|TRBJ2-4	0	0.0008	0.0032	0.002	0.0037	0.0012	0.003	0.0046
TRBV12-1|TRBJ2-2	0	0	0.0016	0.0013	0.0049	0.0037	0.0033	0.0026
TRBV2|TRBJ1-2	0	0.0025	0	0.0047	0	0	0.0003	0.0009
TRBV2|TRBJ1-5	0	0.0017	0.0016	0.0034	0	0	0.0003	0
TRBV2|TRBJ1-4	0	0.0033	0.0016	0.0027	0.0006	0	0.0003	0.0006
TRBV15|TRBJ1-6	0	0.0008	0.0032	0.0013	0.0012	0	0.0006	0.0012
TRBV13-3|TRBJ1-6	0	0.0025	0	0.0013	0.0037	0.0037	0.0018	0.0032
TRBV20|TRBJ1-6	0	0	0	0.0013	0.0012	0	0.0003	0.0003
TRBV20|TRBJ1-7	0	0	0	0.0007	0	0	0	0
TRBV20|TRBJ1-5	0	0	0	0.0007	0.0006	0.0012	0.0009	0
TRBV10|TRBJ1-4	0	0	0	0	0.0006	0	0	0
TRBV14|TRBJ1-7	0	0	0.0016	0	0	0	0	0
TRBV14|TRBJ1-6	0	0	0	0	0.0012	0	0.0006	0.0012
TRBV14|TRBJ1-5	0	0	0	0	0.0012	0	0.0006	0.0006
TRBV19|TRBJ1-2	0	0.0025	0.0016	0.0013	0.0018	0.0037	0.0015	0.0017
TRBV19|TRBJ1-5	0	0.0008	0.0016	0.0027	0.0006	0	0.0003	0.0003
TRBV30|TRBJ2-1	0	0	0.0016	0	0	0	0	0
TRBV29|TRBJ2-2	0	0.0042	0.0016	0.002	0.0031	0.0062	0.0009	0.002
TRBV4-1|TRBJ2-5	0	0.0008	0	0	0	0	0	0
TRBV2|TRBJ1-6	0	0	0	0	0	0	0.0003	0.0003
TRBV26|TRBJ2-2	0	0.0008	0	0.0013	0	0	0.0003	0.0003
TRBV18|TRBJ1-1	0	0	0	0	0	0	0.0003	0
TRBV14|TRBJ1-3	0	0.0017	0	0.0007	0.0006	0.0025	0.0009	0.0006
TRBV4|TRBJ1-4	0	0.0008	0	0.0013	0.0012	0	0.0024	0.0015
TRBV30|TRBJ1-1	0	0	0	0	0	0.0012	0.0003	0
TRBV17|TRBJ1-1	0	0.0017	0	0.0007	0.0018	0.0012	0.0024	0.0029
TRBV30|TRBJ1-3	0	0.0008	0	0	0	0	0	0
TRBV30|TRBJ1-2	0	0.0008	0	0	0	0	0.0006	0
TRBV30|TRBJ1-7	0	0.0008	0	0	0	0	0	0
TRBV28|TRBJ2-1	0	0	0	0	0	0.0012	0	0
TRBV14|TRBJ1-2	0	0	0.0032	0.0007	0.0012	0.0012	0.0006	0.0012
TRBV30|TRBJ2-7	0	0	0	0.0007	0.0012	0.0012	0.0018	0.0009
TRBV23|TRBJ1-5	0	0	0	0	0	0	0	0.0003
TRBV23|TRBJ1-4	0	0	0	0.0007	0	0	0	0
TRBV23|TRBJ1-6	0	0	0.0016	0	0.0012	0	0.0003	0.0003
TRBV13-1|TRBJ1-7	0	0	0.0016	0	0	0	0	0
